$ANSIBLE_VAULT;1.1;AES256
35373036383765653036643163316264626466336239333231313536613231323763353465663730
3930343663376139396266643731393837656538306335340a643464333437383139353938373162
38336363346639336431353665626165373830333536636531633561656362323766333532366332
6538393561323634370a353439653530393231313635353263376661353864343663353564386331
38623430313164316463363063303539333638653239313736616463306339336236353931376634
39313063336164656231336263303630656266616432383933623862373930363039616561353136
64366464393031326233373539656162316633333761346632646637646531643663663638366461
33663033386330623035346532633863636164366236636133363134386631333861653965366133
38636634363337313363656365383964363364373331616134386264643636646138363131663833
63653766396430613234333734376461366136663435613636663836306531353436656465646537
35336536343334613637613563616533353664363838656530626333363737653630626264363235
33373631363639343333616137613666643235643239326264656664396336343239326530616466
35386338393366633233666231653964613863643832653464313232646261323966353239346437
62663034333632313234646239356639643939353861616664636638393966316536633130386435
66653366373962323266333631633462373633306466383032373836613035616662306136306461
31343563313664633036646435653437633736656130353237343038653566643163643639346561
65616431613334616361656137396538653663376138313335623037313038613239333366333561
35363365633964366466356239346330663531663433653537623262333437333439386263356532
31303830643361653233383438313438623462313862333366626434346565326133393433363562
31623637613731303536326236353339303361333666666331383766373565663939643066313335
63616632643635383563343334366530616562313363646566333638353333613133613634313633
61366462316234373737343535383561616634643032316538316261646630616439663635383439
36333335313833613734623962346636346265383533353931313737373665343136643233316633
34616539623863643738363239636331633565346533616633306264666432656533313366333234
3632
